(0.4887068043883573351214617526424596003921486099805021604547511315271271373804969838131129477447707484960006255311865223335645613427758588716358023868527794297869871747343129546979804052111029272825574501209889765212485675647518502235150874393490307053584863395366460760809476466818590382445604845973779107654733409874760984506978838776192325774039722113050825506939531853470598903780078723167123449341716465e-5, 0.e-987)
(0.5476194124179632438897727731238160707347546712690592573013076257777728684932727866926449385353894130868766813018175478692386360120677681870389088674320342837365568660831976290310416245447665767684602648130855924948844668111361984168659085786241503450611330647543372918565190144640515271796439045980600567626298292162037459715509759719848085946868327586326158600695530692802197035612357505756960126294118445e-5, 0.e-497)
(0.5476194124179632438897727731238160707347546712690592573013076257777728684932727866926449385353894130868766813018175478692386360120677681870389088674320342837365568660831976290310416245447665767684602648130855924948844668111361984168659085786241503450611330647543372918565190144640515271796439045980600567626298292162037459715509759719848085946868327586326158600695530692802197035612357505756960126294118445e-5, 0.e-497)
(0.1389741448673062231884849795432311524281446890834237692251841007562051213963610977103438793318914648538640980272403603014835076034808577584864207599620129483675610007299023783814993732587236075637936355560396763340775225048188459354193959325644378927433843309000060782614806020116649595079157180352305141520229356450901361230458322596932152631453087874331933759175457495087641673417978010463552608412067444e-4, 0.e-1067)
(0.2451236471042180807663629289335930873752902791257682367913300837987865174684669907339647161162324555676965049648048025774163103447497870496267349521672060810057275460891104330848385046623580806991017918316412461499485403908532384646978910434755001538834654933684560112165690727583498323394142826945273781597361454571635453831181647956794705040068455541667110099375441338085457082300017496453023591236713424e-4, 0.e-995)
(0.3038273533360327787983786517245457684263900583089908588815857160673703743681324145762534020465491633651457767886744133256133489429188634213355151302710059026346934794732130221999803307371616175951943727162778560559666610467717697461368266102439615053181438635628501980527497309169928011045956712949910803254741486082118239129250687451809543471319237258920181195550122251053632009398201818714538175600748945e-4, 0.e-492)
(0.3038273533360327787983786517245457684263900583089908588815857160673703743681324145762534020465491633651457767886744133256133489429188634213355151302710059026346934794732130221999803307371616175951943727162778560559666610467717697461368266102439615053181438635628501980527497309169928011045956712949910803254741486082118239129250687451809543471319237258920181195550122251053632009398201818714538175600748945e-4, 0.e-492)
(0.379350989507612800131851295130947312237265085930642673676518416675837641158926612972423210929130205566203702187279962240419029721056713508404315073859963886834423304966977603549358409798672612108470222586795077558052587684130361524696811671623916864523628161762046256831595098577027583584737790712827072515621890380283351411857536538042545523584404586411661928290022999351993760388716243721293211713148417e-4, 0.e-492)
(0.379350989507612800131851295130947312237265085930642673676518416675837641158926612972423210929130205566203702187279962240419029721056713508404315073859963886834423304966977603549358409798672612108470222586795077558052587684130361524696811671623916864523628161762046256831595098577027583584737790712827072515621890380283351411857536538042545523584404586411661928290022999351993760388716243721293211713148417e-4, 0.e-492)
(0.4944116126129324508792632910465605343744360549750179862715478506052169365916036235690406073777564202593614460366840676198533710905373451110172203138122032259106650779256365102178693408841986034172895436185108235073591957305432338138715621699585972590655619725572497361037366751973517128557008578974036872754508530016928985568842411405938424830985455980037727337826286346835605705280122808937044283515127883e-4, 0.e-972)
(0.5338449308956012537688774391672695322943978867192380874097789098236287656078894297834947274851079606266075138259874753879188303959484502364892155738163040583738112404242876886873738648867821502774576768956645079903210078894926759363713628593472561644761330957365388983892407190082079305997551999358414037423143763303062526468282938743526916439365119298289379070882417908994847637270177642061997536675864165e-4, 0.e-490)
(0.5338449308956012537688774391672695322943978867192380874097789098236287656078894297834947274851079606266075138259874753879188303959484502364892155738163040583738112404242876886873738648867821502774576768956645079903210078894926759363713628593472561644761330957365388983892407190082079305997551999358414037423143763303062526468282938743526916439365119298289379070882417908994847637270177642061997536675864165e-4, 0.e-490)
(0.6425481892905771644248271274772642669996478485277260207783031013879924610988500454541380082423065271974164190734326039328000633831960150989878990394849408387026612818350055259042304085493997003503064966082537875406456974165629271267639627477504647628656641238390369028197128574593552488560773317053343416594666994802323460836152147788455301188031015858479617386711103908900175728695092152679058421350421132e-4, 0.e-1100)
(0.7529954937178373509334636704956303709788875752318040629595934675997616944430876415469836526583332233686969710563493838805764025196036106331305636074629730866021855976576963940433801026431466537044113143875071741823014753998022854486278371036161052448516105118045339933550062626523411745810921313873477298606156137085124398638170770933246652563447634147243429661494293179246738417066293308871002516482146256e-4, 0.e-1029)
(0.8167191217822274038697291342943605315688601731572620002281399845457103466188125905539428184944043041822140646700073739182476673054185699680358033964495043469370421457248876736800640038789921795618080088078032723938284587647792494907510384974793206788846912691304165470314057237884186354257998245641904579448949777098303119817679153668946430736550100502576866445687803700571339561529621585425691663869710384e-4, 0.e-994)
(0.8979912264062381163745266663184767878883957438505330816983735995695294042837646205243982979806324902964789484541671469705337585819430378917726419159806698431274453494615002876169322535416357528970732153053848680935220822313802127281491217324844696469162527335641765815488181918575866200148586238964524800169782069559951202385362153441245696345193725917524560268991882946994392604542374387079419364875212131e-4, 0.e-1003)
(0.1196167231114401561169965389535353869069900428537971660314694915725888747246246177683650858856021677472009821304635627382319976791714270777173830048996195475630518288595648414811612883045598114263822231611434684440208256066137512462949874350597492513587036184290628543590781839188450695840376460592215894986757584278973638250706277060203221103989364310670381289181921557141613497259038985609356628758234364e-3, 0.e-1042)
(0.1295415768592597200032990864862147967512753313252490865685346617158735347914147675244571590106706561926198862562794948325917511620389265941133806003298404600824379085207395380436324157428677372548277920081997409484219239257089901390215193436759434255898451364034757473151961976558592036531521672907259443516708760979063920939033265327290629249315628623433706755632754551780911125093744904330545419498891984e-3, 0.e-978)
(0.1423373223304445298968859696796423626453394719855498206348313765443450893750249071645282562439480986349786044800053926401304856431845016670058130863011604051790187126198684195287134842420462454174647831250511612926751006294354499370448782775122151452542271228514091853346203823587925728562368863771090290443333388586631620750172677103451932866237840694571677878563210421246741731642107954332282585470809645e-3, 0.e-964)
(0.181326819242471386698891232397106569544450551316074015968980524417430239842663876196579285074524667505196835029880422743722606943094412358395872864575652613456918491225083807434588854314419090651577808804291003541631338181815101492437939245699198807744724653021115427514787900980506512008415789191457365770001249139208712663065906792632843865248840953001815711869797076622233311027733570873385009154478993e-3, 0.e-902)
(0.1820797765490804382627323895340094806077752289257455990335286783032656837380632126365455854565555057979505958908681727756688609470291244719419294950329338809487120861944579288106526746307504073825852536027124154317448163320064188032514854479397116061524469858984672744949347608288931145079031912781897253943063942609700421450669727086617992481034096726252928607296776678328213596281615419954886068482180416e-3, 0.e-943)
(0.2126850587328492570444040439672195290773539220951159549601234038975365518222753424250048450263888456645610940521144147961767211042357646274562050392476379768237545327361421975057172706610406731648916616163965757617187754801146201348961301785225965324466608161307680040180370489455663782052590037306146069991643471889108869571102742869139929528545645746955161481154964665006835508180959317506316285900324899e-3, 0.e-1001)
(0.3121947990129984513743528029974726899745154240527769061784687396539808078993481231381323104414509947799918238699509423421814038945211127163922225927216731802132706200371763171733477323918430234219820604871248909017537209593219851820763415097138303382919902926612349986606065330790793551670239796676049459503117522604665781855442027285815832185466680503489768615971344178329519203187510299704638911380609255e-3, 0.e-981)
(0.3490325882544258742563482526312735011234532387846598317587409799848503800169161837523340636233598185662251332942935512359113331553390912406313658854830185465506438037652375636002243161449431314727630546557025996748652902990127552944575725641108720065485639929978956722072898191827851766490190118601827295849323376673162497035740725723616518281011582579566776148344087812061151645430496991178126429849603258e-3, 0.e-945)
(0.3575964769133440860851231621843502876887769825687651632303836500270680674506296133760645030734531880556723535988080952029666178665213150184635154854523979018792555663035377725631129669625872737926134819764331779901540697363177275878857461267092838032014826832638650772864104719584316035357923725642997029935996830296368549149096775144172567726659441778248698158826823638455559497687046761712725859940108177e-3, 0.e-951)
(0.384529048440201842791762927513059777290003815928153712971293853255202013570694559198124095297231552611360640462134657501328021136067660889918602256920579575465254211824570835917656306529276478676124097229158092449989964794402778584023446831887306731185220929650168941632422925121707190322766911109552198052867767437943767645170669739914050262502382731365547775028930244762864350052117955640748194967496506e-3, 0.e-972)
(0.4315026310920573922831259613369023334135303854405620750100972084182678697211390686218090271850083349359168212329736288716430512275776964023576538720385605060686850128852027917361421983086905534379331125456607130377141430098463648384269899571627605152672843922676790312691955805174859797095531515068431789259575153227499073409930801760950965028698406335209159415767003071556648941117307816055410242434951685e-3, 0.e-1015)
(0.4685321719579994233953871600552638672321008070494064703027745165067522445186984158324645487549570045438396309408221748594904353049673370243052173443490326071708129271886744031128850368083667592635381062651720461703998619735792934780114812375485551349669933524720990933636076943605054802817450377312740896158499500339063506696623092524964048407803468729044248438947703649662214736156287776788632205858112631e-3, 0.e-953)
(0.4799895625477407504149924595576230536208759074379566351113952059398601512433176839069537001578084573672964819040194153478584505273189724252997282993145691959081753950956120589832470390671788526672398692699506623804940033171875001696992799289248147139887108221239165637276783838302563374932536487929631391892997977290041698894922189960635631197777560958253677450869317128386134612878388350737921354794719424e-3, 0.e-977)
(0.5018425085322143785809913844818858898964744997821743620232090101969430482149262656335091871162194110101723342519879005701770063519469900104923608687973626750440854703554654259741841544081548707443819504991743301705399514145486966280256609710627338826139695654887381344216728839779738514240030071540780626556575877401665139192375412308342546330994552820118581015758682357239248455076411977289030389992798333e-3, 0.e-936)
(0.5633524250871811419343791785679689952568321711913339740732243431066601753162590590838682316843836747995464871610587611921275321627633872880400724634532992945545087490189725678267806833838118752477331641397001154171282334550653933578664905407863186752234444930204050274103749047623456681443667135136755281299808551475192598751556274536537593175131553143807579046065953034548115630444090103814077645541537025e-3, 0.e-955)
(0.6390184532380540010632953041429904997019262367556434994080979846861091689701294323221229125311279659715022575710453659612026598625728887366250691153787040757171724192145028102690841338774766427683612551508409491663995156193427801414714680442473042933406951240013709447393416121737759402909947224677000748498117158904214614947469046168945323504825027544430900159786350598258218989948115771273859051246984311e-3, 0.e-998)
(0.7413575236443933597115207428467743749720296657724181719898314598170100380816079439135899478248686106838774043246854405921840092432498735098422333988264878628963758635497573036445925027612585652159354675467469179478269268109550709016015135685323443634040292513826662818622841797037479915138944538121801302592164473545851041583807027494595828409130861748494095725209869768771233784423006608182770898527069144e-3, 0.e-1019)
(0.7588795009081715476188256332698506971130280215471369965071124002901568154772416562459655963369336758893242891988853049469124352139898101401003819721954732669905874274242174561793293250917606361593465486303780096939917190769200300143106946172954943696644165676573230390795948132202556897103579418478805478578953346819327671133827727664157364686425586095709343798911837347725862543040634315879652201297802402e-3, 0.e-995)
(0.7986219551268074559846720531242178150754637784873327749058097020490774098402799617179829255495410830522962806097480850824508105178344329450364983809272467427602808009988069654612685154804647981244670191080392638330614347794909988805173017877229908305626364307043811282399091916903562313620242467489612442078683900842396471834324777647323424301221842127390594527645403604807334407680141781502255684309173173e-3, 0.e-954)
(0.8419347614990977864800203926358129170713183204960665679602752685816783566572448854549108206503837679032987837830360009064602000152618279956549779897516242469864327147530484145645978501985997723274282094232074400295469124267492823749767491503033128554634247273850073860425638561196974282916906940619531923631680249248675293447165524045843460196748810818710474492689186672655979217020498594179975262348804182e-3, 0.e-981)
(0.9729071123227989273636941665166586792515294408983686486125240716986331085701264139578878913697462330634475083069836978343608721622437199491308306489589096245522938046512250708354119129444442277372778839357128669719427999544551005782766822152502427738556821821042201767787813423844004188472165732392978149468335377406173722411203480659821962138734808166146239434526704409359967419329581572700577883108193846e-3, 0.e-965)
(0.9973888827559109125848240690940756039148115452800661387945540597034449053852969078089828952993388005252589593418429132475620721562863493328238565372448609851208339759835095328606695981370686880413012731735130890019260520805216952158296760508873741717231197996388264677140581321710559941924107426044901815709560453743300037745587813844063637428415262692909304512066899988835150102485967798384213750046572455e-3, 0.e-906)
(0.1015323603991405661237366024683582252132428139498011144958992024047313338161610727109295388158021347246975056563243731551985903948242391165964772468150661240615179628874520484633771989487475727002626374138267910578773099601306284823621817154000543942492839617450798999406727442598612198187538839541528646811323435863497989754036448360274612613374178234592606333106404293180229105377208153275452293189008539e-2, 0.e-861)
(0.1017379568906681591939666854423145619058546430745379924529212912256896100706297466765745700928635596302866522347821994945750156798188507932803681320898816785944481364764624209970064881248002080392175321697788313778729139901041640755205102312744535361022706402517625121235946331610394844617212817611351762881071786838634458074992626318356739141472400573725209803620061491150626001626130009886631542359240397e-2, 0.e-878)
(0.1073723904312903714835814380857275699765400811881978370130833524753610144982029287427889405311066774105004428096403285766075429878690449294010553778713481401634411375554246217627204392830748670732764915845759450751299426076887614578291707884337189933402416104020052873977610783917317887285359261188916131331897326032684669618372819967508313019481030229058643916218491183832132075523259944615425722416529763e-2, 0.e-942)
(0.1107635862779388184937711513695054159120806106671509422962503768475536791099239516362573883651154553902079015248633709050085044143100625301124713539041441195668164879181252374478933073383737466676652162396264871490002400481347121899145135645049514606685817800257191886487189340545091139776425694759354365414575077901534193890558374453744758254680423208944500378028970345179206889564942254935444334599208632e-2, 0.e-859)
(0.1108936066208728084015242962100821407738909007735212529902016653317138611796552942678231287028405574841218177617656909199975346989696673459190742269352845133162218258335491785678353692122984433117192167546594803068902935775132579772099634001491798421203132988085825959082030737178916479372072160682272453960050753983679804896260412116265276149427109803220955267154466013846043052747343064126181076603012062e-2, 0.e-847)
(0.1194723247839935031547485724365626172013154446989803023322624624907927666045882908460158966708460144687527787727886419809597408210698635310576934684748542213424629147081200810980417116964691529523362355423577377357200481433363572338077900070917607615672954711893076406586171147412521572694466860244539348422873454482676508991215674461280997962564849201020917906680484057639189544177059350507225528335032634e-2, 0.e-905)
(0.1205897776309462699748787225260177623795991809567232440692133031028281194142165953510719833743690570874756144195772250003835470222779113349979071710261833697903480391258201912934173337744139810725435799088985872964474148855599323983029659944636196090386790786477122057270923792975750053327838747730569170290692549395496755747060146728881736487269005866356743145061937789692833088273342147463201306095985584e-2, 0.e-967)
(0.1236448576193820801929711936371412126110765984675114769736049111470924195985216138688128319759521825350811645441877781171814044367305949487056834000342035047857296587149433060142121438832434899571458649521168641833162354109040239880053903797788523265030631423440736423182351686305678997367775790658166064778688301551811115194026416473563665575220680530602721877045866742413799023472026355455674675211059677e-2, 0.e-882)
(0.1245782823757004493619953040928381450016136023572226617255298916834993948045757254038799418719795536691105977906526136893759851203348967145162118537999789392917958783239331710255415165206469812706218077591403385890797511029108346856082993403057385498414259242638780613123237351996118385406593179506507600142631116746017843177963313160805604033087674034347295748320700659945027170361416695186122169730613277e-2, 0.e-918)
(0.1284406382075189012613378362036967600203437522506132256859736462204359374355297578073293102020669243693873258989333156504071327558578619923272826306217316804016372395218752042642378237745875971074739751244037122207910649096184000557243251375826340298880993281220543219814014774092700258050637571352849009854827800998465832905135088711091720330128368849953754850141005992323306018968151594040028980451364669e-2, 0.e-472)
(0.1284406382075189012613378362036967600203437522506132256859736462204359374355297578073293102020669243693873258989333156504071327558578619923272826306217316804016372395218752042642378237745875971074739751244037122207910649096184000557243251375826340298880993281220543219814014774092700258050637571352849009854827800998465832905135088711091720330128368849953754850141005992323306018968151594040028980451364669e-2, 0.e-472)
(0.1285525277975640401985799460782748567978571780512422395653996218593914542408795559510816747932402943854077969317388917029298226507193589950098234946731562868687652156813921219537354355595173974671338548069064640029867226731679315722289600573484881959312479105685838702283551730466218927058259484407588296492604172148324723248013018159122209994567299637515420821194057285653174356825367441748382518031750354e-2, 0.e-863)
(0.1420257854781575371584738868933840764320087658463128635820137280825097040558704358681419672000739031018132027302474760210984580230953555738124681946641812463097127495621627179344400527221268766361241847763386737620519603352799163866977767643220003960091635540355518832763813045017131545648750953889672416794894494939179482190106754540810653505476357323232917713802522236892808832897258584044146323306166238e-2, 0.e-938)
(0.1435448987344064830978690035076629722341237192342492352281832568947654616329771638132559642820314234637306026189724371339134131256908087566256120905646253222104998530081222333757849427205052484717480812040344678282106925223802239302660459300491753278721581357896759465898910322092571009794750713842114971315739400734658022535923913842097068516733406963258654604710100300424562262385090145620216942146569161e-2, 0.e-916)
(0.1484194214615320962464000472303338353370343587396664557017745723605772702109341959733695734769898297812861876498483580035802054164074795647311646698908405960413259217546407082427231994802578656930088986419272260598170029328273363917818738468918159172128473497772305130226483434513689050486588714572141587656055334840301038834609038480140432696395260882414719836932070634916291192653182538641687541331409703e-2, 0.e-918)
(0.1546251091469485601719227624071376588098817768111516854926154800010461057149213588037058747063062450482935741300746718781767628143865922578786599085352237084756297658803707483474647594168691121993784809218971592551180456165598148640784337715143867143293829643803739619281053037025416975833477107069732949848902522344310671512896672496132004771719272715459792627293149254877461046120054553578107005525099532e-2, 0.e-944)
(0.1770703928270860612212175361103703496693182725141946555164943872591255458730307383945472758530737581240397708312055124688099536543822308125228286681625274637460639236723561658546461418000047734644368590066425672012718095800752727764212493387323980363021779931847759040812146265758654797832671435857410350400044589382026209372817441840766082850468782675534620757922779340572285880549034618275311020391520582e-2, 0.e-926)
(0.1827663929762548686710091335327228980709187618100720839690732393537430765164693963151297756065540810765085760718330853721869884292594951348441243246535136126598971990506999845156004099200830266331043719730801488090748124043003805720796838955546173285965416382242241475036191211183883789990449533074937030376692830563323766987146640201877718515367272257959499230494772285097103781898178523846356412960035557e-2, 0.e-948)
(0.1861131930393231525400012951650576939113301889681292346185512339535974793520107633939446426249535434482728156506345805387083857116178268079755719299698030697434167767658459158943610132115384815600076501966124228722392653094535170907022793099906572844513354558552473380156892981515429213089936462686363527109247893250994030566517296363233828859317225047056554966150090669688238816978054675383753901811301329e-2, 0.e-904)
(0.1912454071127849655427527521926555341906331048243829251856730030020967735589958675028796797689122324445225602083258296649816715958626109123163041155410480986627605063917221015904509876465579683311461593864390001534631750655612586424886657023460800468467235773415204952767069340963316832955478286483733359333382868922263608852099674501715809871133348864432621983947454671694120776471153579558306190012665295e-2, 0.e-921)
(0.1977375604800896985820927101091747794239090581497506501816632265317926037471333103614957909416482769223801014189768078380324810556137244576248256173582844428749170238743864157588335352782203500222227961199152748467075278597251911113214455232445231395784142118868510706189529531827734426649115851004276025359998859296142611174460864354229084435874715004735326945461052728749583186767430667067107281774827147e-2, 0.e-927)
(0.2010578944950630375116767908348827476466691171895668649837320121555368308148401568316556077231119062755466030751617026321311403685470368320392160646886918544885209289568964685487176857100062998435884250469957353577610170479929430305283395941611802760422781725712630005058041222367213797202461453228638477886274327390345585339918171865524296528665706853384020728414706391024753869411211934957087216886336476e-2, 0.e-911)
(0.2089674051886473959440793194093460802056606631566196491325004989485927905322847082397728005333225852925045708924405714063505731249563495984245443184542345432269039493526310987953632919687388323035122856203445673085484106434596074102326905537444525689912111696019500289055323439012046334265633551273279106838284185195299815924663774628111763264390707835269902136593957936317712882923905673692038234344208776e-2, 0.e-995)
(0.2123055578303816301125209970520247064409303706572258724709473188345483006228545541481323094339649495955885996532165297902111169303700430688772633800340240987919465318928294019510306100378495558038602289655838259662380914206484239947111456684644768012732930794407970049567358107065332061008567704273965467954786009600250852695693936367157454750670737771162455048703249889515926753411580508851649307719680831e-2, 0.e-867)
(0.2461325070431164198411785746621561426936530277364908483729055201473328398512141881295846980520995903259504196120169935063306116376109453209224288637494574881203300025421531250933804950270217022361282969239361720780308481368095513353760943091131185851224439805116720389878998713624885174171100985767728406053364731054995463618929277878213263785161466654021029541728165517077557291267374969367434772052972603e-2, 0.e-949)
(0.2482709687282938390043270390680376521354060633712873339917565347610602633309363686635401356252002393740246420448146586354438500079252401733589696962356979565507451512058357551586321597276955625042487769301319807271561393856285702087547366318454370250273755703406332211214822527489339575656748673541594517392832770941823143060991699314967212049018903983217250829231496487064784909337066745053840591218763096e-2, 0.e-930)
(0.2557823654170294587395185639832157016374739201967819394531957833250372796449612048465490989537175580975756353506492758213239732827964889978479283714251278974003021698900166192449459157833270324884681273656561583016110689630303872328042158837201887511448251473247847455525572739112675511170719495828176049265689545775538406039263369783490864938817035085359356073813944501243964142707834721850146978204935934e-2, 0.e-983)
(0.2641118762642493179171302422667963691395031884299656656964476857770443687498976318904792337057814229519106715424600682607367736210487402349577833695220719533789794647704842903659947250655450933608506467243031371650973871876283093630174881292650730806255890437227178806682534231403893335244636808681451061019673116967476713658494805600795587900486161236275172969155962154936077365212037936502095091755510082e-2, 0.e-898)
(0.2648780310904720501856688600687474863110952033349585002014764388494160575428491195529957716343623572291810434627500995316098129144443173386986054570099336747971259436878965909568308642498854684607720965589021064767438132444604784577084758261521325901404770645439173318391846431422001014543604936605177119626911462305989024848056879615616571205776545976525016069075021738013405270290710830859751143821787373e-2, 0.e-878)
(0.3236150917520991210477118261841110041827076285572540318751816809892746451627162913027470929131733347296861967619019174108047835431923940507677851401065925120011638387625929778488253874521210775295523757610174160347953749551053574608123917723465108011422788424050170683700974268054808002939559327014144684950410673628805910070660479584419941533182586870078702702189722046786837694894854887388719772932086675e-2, 0.e-834)
(0.3255807635274145067838014182782565224489121477862009879395393315895684694192578822174129277257183099711810954856191701380445317653630757294745581219894153980078145002372793171640938111923561467160597836424126369682887227533267983297410897212201298504812316326061469009421265377078766037021290233933548797532632630398126107812987427645185805294859047188611718855634561762964507551443828908540658619020971899e-2, 0.e-470)
(0.3255807635274145067838014182782565224489121477862009879395393315895684694192578822174129277257183099711810954856191701380445317653630757294745581219894153980078145002372793171640938111923561467160597836424126369682887227533267983297410897212201298504812316326061469009421265377078766037021290233933548797532632630398126107812987427645185805294859047188611718855634561762964507551443828908540658619020971899e-2, 0.e-470)
(0.3383690835486273442737963883287021279782357647731613521392926861760356601591013058751330073852479170650926083024148781731916322869722958523836045950843322554590545689208953011435712225701598344606348382918617006908431154592114730479257785675787021808419057403186290213608782993405532916971425805601322614947845523268838753056139641398796813789735673324059324269060200101470564279179457601677193362248009881e-2, 0.e-468)
(0.3383690835486273442737963883287021279782357647731613521392926861760356601591013058751330073852479170650926083024148781731916322869722958523836045950843322554590545689208953011435712225701598344606348382918617006908431154592114730479257785675787021808419057403186290213608782993405532916971425805601322614947845523268838753056139641398796813789735673324059324269060200101470564279179457601677193362248009881e-2, 0.e-468)
(0.3490276892273435238340832991675736313666833735100529605414741057405724773912474775702410960970191529269941896196843599678548485169467902149866287429983282532483556837945245692274256988004616753198209489727089892909474060788705617160700384859766172556447491216441570190983321459195567425178064513992851608964504790535741196624077401561606661173698646659918216266625661527540799704195247965296936240562948701e-2, 0.e-957)
(0.3514115284586600038711037313730607641236784256432470366592882463308299051396023947038486443658676625491948368772359606366544826199888462804969493856043151714633374542410866214900224536460421418170955695771639270595759789805012372270583953954638032685089998462895898086900749612880822079001958969063855894063762063061741652072174198255388731805493419732537272358620734855028085887840286649898510880725373654e-2, 0.e-908)
(0.3626488958169206064626179415233645687609870116514057605406248402005746461499218990408369358696868986207061717013478993861276363056835453893089341617367121571454938399615486588145443205372397513672396761903203130376174587159993689324739723836192689438987004929984206169233608336783684127487057777803739444628484221896183447141270136412634538678163305402470077860586196882515639997965882534591317982062746093e-2, 0.e-1063)
(0.3632895004577191239493993911331302664142280073287076933838972114076137774545087638208974604621956575082594145476962004377517449136977571449736738936098717848871017725145117467569149398988072065862543237830895561473611307769248389516968751242656133076428657060305961160567117588256230012056029860140836625683534360869209081502248312086111599104605995366750788736681255979171533658369009476485252534515596036e-2, 0.e-906)
(0.4092686053076556786660838959748723401223971899898412215967555251144761012044253490307766116071979264089840190360688126397034750219960886213728412945352939310699032975959789490386217051080641776220224332206356783747409492464001662026310795979920124864153752355265413652230197573452475643109681155226904590427923008562267537461211528678656625754618887859330292623420494335103049306443389279913051068171648899e-2, 0.e-980)
(0.4277790252235449229261675554775482994814317117123075944372093444509279766301000821579208160743974918727137837204048950957292826089514829286568630305757001572792756312301803032139678530763857002458095139419338094436224820240845434200796642225010113417819323969776117773790636110258382479031632985501862150543266932882726892132235266815971896787217078180408564456959072909409186808968488084830964927869976834e-2, 0.e-899)
(0.434551166398981206223469947255853859318352032044624409967277998775389001643456290987901652261035127044780178256865612486473643687053122849793141065040812468552574147324016761028720874143560650396465692522821896297643363357305790561731462966609857424861501977717267582790821990254345137991117905369476665369630199553958255444300820584351998101051533673971478646433893328170673146095096578820402117313777e-2, 0.e-807)
(0.439727630112113658629996890604237543132744316487223179643565018451779813084227926014154462635909540608885763537030108035633733862277318931704506738899337757839161145284537070180197953386826218046576043317902656181354623780973000399387848715372802890504175886332598904390681436674134885031670738777442238405027106110328580799867908366361827800700487910875593160288199481183429392629191256156956231964041872e-2, 0.e-822)
(0.4432895349719857693658451143252327792488098134786183666904816778820869993427944348175619089099148985578248049143177994434411093842334227313669266628594669962344231440677182825278486524460085860214116697011416835962972654872702529537157836951135177382693347908698867136645889552552574227282624528861791901442237794025869229791394526855542901969816765258256350104137469387809072208082012895729534195049378778e-2, 0.e-465)
(0.4432895349719857693658451143252327792488098134786183666904816778820869993427944348175619089099148985578248049143177994434411093842334227313669266628594669962344231440677182825278486524460085860214116697011416835962972654872702529537157836951135177382693347908698867136645889552552574227282624528861791901442237794025869229791394526855542901969816765258256350104137469387809072208082012895729534195049378778e-2, 0.e-465)
(0.4472072175366267590750493314866825226024030822723995176624151722924383600203717490594758946273003768273163477501228411492813756116000132691066769415812775584678513917388003461712701599903324353133944683189543392573954897221663433096301271787948879574832958808302548757393840971975131907062922415272162000528608231251111891830185325662057614723873718115243966136295401052584600781034789329328932976336104399e-2, 0.e-1599)
(0.4548562343290225621827298650638121337507514452576347570890083710304447909871454780679864210525969929194977137146185561001605160637566296463395878497437984918227329189698567544562146333426877207990025643815928349938117656098063317136002099068534739936522219176860940418971503420782558419812180249912645034650657192841223760625208295359860851303429959254401132805305485400158471284673806064190277931153012089e-2, 0.e-865)
(0.4621273650505417475055727768728390060654853616345765530672434934921568567943749435781071093124138520738019964555107242294799895204728636749746903035271266978331083762902970526595520565324828669230573394407836253844862186600960537341634248526710712740061700614193853309686093473453902380575027661324774674776548110462570207642136034030001923451301065667574162587094705748357176447946299537097234357469297662e-2, 0.e-869)
(0.4873340986079609989271205756502258304050304194237666621950041806464556581593405483749720463104312535986911148359167080302874172531568770325931083166121351026879100830306804044868619448703935658230527452098514526328522173928287519138494049502979472399646622119770336881965441823657763152031013169287110354166142239814893099323891855682725940600748359290819658516156527831158637868547666030964688526728313806e-2, 0.e-947)
(0.4947801902115809540005141623347072947686467428860135839881178936153094603715402368845730912520767241279305158474840659021101489204030370514636270742085686021251363497974614770813771827145987327868147271409282012948701415502876161221076021240508871831002228523305443981631925427541661230408044752597510143308472955977922788056996626733074572529174926930084328964372414795901456005222036847508323821975898787e-2, 0.e-897)
(0.5193169755652300923435033839074425700684185270803283251500251689313631490197413055693871095563562027606853969485552540512632972176681219086637169739381999398729458662538199648066984312441343446352008834862684492225382338671993371600032488794907706714945860226909238723638817881309891521722295815626280857446344466729892834494325178783430186406983488341822839022060859843803016345956431901986876410541312929e-2, 0.e-945)
(0.539599037658142145097038403551235650702932559389449483606684107313752848221733195160615580078491635445246639001054429989864601015244891164986768740217014313085905285290158947741309384445691755401866823690889425199134658526375312816055562528085061705605096135030006531446630150579972697580393925004730005896739003844206101619952734856689122097855157020491824708924423441877232190524285894298351814650589888e-2, 0.e-859)
(0.5446466563868672826921469249148079694150665898265245127550289360255455276391728865514733826857530129554761240387166101638646107650122384007223672067981217502258732728741196227922959637943668334911330168948095824808286765235256983526340003817934464072425516416355524630135409867091978751150181557487408444630701446479537733006658120767616960843663006341657376465056330592348772531825183717500472358698332224e-2, 0.e-1448)
(0.5459089004408331575105447929133752621805281575358431748286400588060234197254617914621538755920919306028719526666340541222542671205861446212817086792035182357112328910869796782405591909004121757060958373892841406574928644876694424560618077494176788229275019838973528935079627519670949862047416893930353916017694753077606454650485317147232809011696706995884424857851814989881750455942261228879953574996489105e-2, 0.e-1306)
(0.5481083900086082237570047662571360615763712512074472246619406852556129892096704882333684734291785095356352793602407794037521927241436677276133299957806510258342519017449633967757072813766590210363022936769827628135552057103505548651395649052885291721422075068709804438056393360787097809315667993980973151926506718679281780846873614609506286623864438320123273164211554275902262861833252065312783166606913283e-2, 0.e-1286)
(0.5486348774180450431185927182856739158136546486029776151443556095418917264554963801653181267507975627073873400209611726067688206101414151353335597327637445392747603754669985059983020679059408483125669827324469974717131104102004243723174790185321137962968837935790856109449735496174798661287300959864179417223340270030702217464060171124862840782634466230743426519468035450301990545365230806200356483396620528e-2, 0.e-1340)
(0.5531560087373333613521132876207083802885052816445222538102855139674056686271101796242262760364398870458647643979029595777522024739110149633489284623617584629742198893289240718266938607253340991255684868809029200952492237075009404017180027589969138737796630134765263753725501722079349584661910301421081537589818126716758497654004386810232026488975874456862402540023650449478713488415576839829737378799346628e-2, 0.e-833)
(0.6392445194808504394112355792343496351270996678486951903035268793550707765789540365735755043013504353348767616358548898408318223390773222023655037179828021848256335911335572040512236721534807806623205769732986879540873252003912904180709136313736591028347333787659597200879902485913642270120962252585323078594161631325409169639948701967529103556494042194633655870647175449788848465518030783639656481689667968e-2, 0.e-997)
(0.6592913950082184615399863387074291121023955204196249672199838991279025896775572875506658665543766484016455336243955555293323121157214364350569083914479358921902018431528488078596415018708504676784368351759178747225278138916240408534981940975421664593072333404364148032136617017094675779376406247422551612730602440968608086575151815403566518923978223275203254024859410018127151692193879377986313746899741925e-2, 0.e-983)
(0.6823032795548853622153999081296460426024854956493683390042683882907952673009631126397844489492902508409721677043560383072763823876499920540263915009653770820045433453579334811224428471539321520093320171532780398053730215652685352445627765190375604649579748368171394011066606669877378043196181618564846116671358497275084364665035059310770588129836477717468029445591219584540237403920615795871568683545558737e-2, 0.e-988)
(0.7112704050996637402340237162873363563737104307532202118634713295260365336735973723874532671775173201178051992238730061318574621586414975539800993818537636065561556685966335905562745270301906410040936252135208752261297176862891233653852517988294589757880895363506678432040008870345856205513404274059709295708542182029582363577009519885657202658317050931505211364577925783641775189813757915495217401873103489e-2, 0.e-1438)
(0.7120828214678364270714921186369767866375810577808381791140787500814785169857758262682590536440560834199531184502536706919261237638071979751707985520359086160287055191343624603366837279754304845335156027124200819469681597250204712628822657885728655491023435501974928136030818834624340455120965294065947582828683790947196440067973864803088353460551462099921995953203597780140563412421051030892716683467034244e-2, 0.e-1535)
(0.7131363012655981899811261838582848231716914777386318584571259152290532379160049018099468793762520487111994443108461826528433718724514338550167767170262822249093968318312499771893437243659616835886773573846799683563424889241006190993847782882839538428640057563448684800333699328638078869804932660439799379034117299385493918435958323190709369147517986518476671802550590658986787951377872041193783872988375056e-2, 0.e-1450)
(0.736384423180194747685238615931381565404722555542126379124163880970029203675130592447802902289909455992349850681548106991434201071527841455505158996985228746457598353169435856377414938015520949315112600194448055450763812631719087007733605816793237948995611207515324453860073185592482155065040087467134397282902529724925213069225530626177110826456519062471035380027691962171045932863324286709906106901152294e-2, 0.e-848)
(0.7370250278209932651720200655411472630579635512194283119674362521770683349797174572278634268824182148799030935278964080430583096795420532111698987288583883741992062857223989443197855573770884045341272477872172985605074846926445570269565085574395823127397764205474999529934241107397367435219372957008441153884075436222277765053233481935248168691007880588991064676371978718366352989036369808992995621464372882e-2, 0.e-927)
(0.7396728198912568928519138168812579571534447412067521425923602297304263245895136213789965771733401466639661221098749275788593508439472801927191411847809254287392790234370457797440150833338562121714901578836464971856375305882358968954222812833797242494582177603100471689531020415182250458824983719440261316413304424649102915024256298323074177600065705150577042682033033925180021029733078864346311477291252769e-2, 0.e-464)
(0.7396728198912568928519138168812579571534447412067521425923602297304263245895136213789965771733401466639661221098749275788593508439472801927191411847809254287392790234370457797440150833338562121714901578836464971856375305882358968954222812833797242494582177603100471689531020415182250458824983719440261316413304424649102915024256298323074177600065705150577042682033033925180021029733078864346311477291252769e-2, 0.e-464)
(0.7449169982633767320853546019490460258004855730190624291088869371221576245881944244315125530959502488624943444726871182341579262031610219353899043288364757193305252024697942070332099593196513451915526871126996951925091650794623897498995262953185024195254344475595686190549249326558538449832592676044594204677682480130133201523314210780746123393298904894775083494018520876730436642768067978948833304337487704e-2, 0.e-933)
(0.7468246031766556586908180323484958421093376930651646334091748251957419198658046936802681407213592721696842404674784545562348819953963486719943777887941950708079394615887083552066535673998506049894073537930397405857735446333986406558346815494999289299271918534754442458902313800081093247954194948817840934278254904237674454415965317161683066037441275115520304070482294355020142712279903210853989895906009374e-2, 0.e-1391)
(0.7757311463358712703947972351309667926913775125759137799244881274269548917061931998888539556812765299589928824578097040829602433125529898163042285060481650546063686158805968009067583249316372648402919443181964894548561859436821288117882907714667556536304536413554976736707323330873189307423519839773345118504229455918251437446126403309226537761870580018926917581333300227286320251096383753291815881261404329e-2, 0.e-978)
(0.7830448630172453800795993218626724684014706613200383940273863100571969604238465793356636678618792171884762962655759144695805793678188100337518412820401761830958151803076980072303589260940218764410045666690081667839880973189798587147842977186158167273330849671883232441579619136251728269898728787183636119689895882316497907556924846486672326485769674896425256811148107431638879131892214265295827934178951513e-2, 0.e-910)
(0.7849385922448897260603083569357908906542374148099101659537824344733636616682333406022923286542026707112524314680735328851763974521934958148599300778202709710825520035405242151415680618962902524137681630412439017227514788751081678665021002707881861070178715093491842719273596964779337807819030112893043404428296288179108317939470581850397772495018146475675236011702917091846153799748977447447049080540735667e-2, 0.e-904)
(0.8223850819897703851287872719666952765173045666325133281513051354798813216054856157844890209826602882073739334312422190058576976160143140279502383981411969701026374466090689597408953510372066581315568305323111369361702301575216031671158394414743209316035274553200094873113650711484811868708976042361049824105818145492683550700681699181100582330229812276143906753073655168363753858845315266998544317802300049e-2, 0.e-887)
(0.8670108628463078757098951917178835445661217532839659394316008801078159568959441350878572056827801406138027380441692940749424506263883929326144025177716858009886360709859343389527099355977389830426010886969214368433082360132395685533332876987218729181006123344332251504585158700130949436948450403109650336144369998393627929056352771423438910299011120797745570820558977644115767646177288344817659650011957526e-2, 0.e-906)
(0.8868458232259779152895607908103257128349716484552068962123219333807996796380814432858897094864194980485616166651789169569604787699258062902743675223355984181528503938930321700913791489386532819677551496369867511648966984149146086135188784141116176094458915603248393177780965172012144970619091608074685646901505419381352624569798582604669917433783341363565612969829029612008298920127941104795142797190600889e-2, 0.e-874)
(0.899545530741709895337044177972724301799644293609433234950327173527194633208516567692439972433348782466007361426247742811263024564530574793568727450021207721946791454184022982661124703311307818898477181661882498095125275792936704926333083967275091263013200512977484765734325307856548835501613297854760697954961834925343202731737696464374931783922831547873616221758021503963018742899840677286300488546679554e-2, 0.e-896)
(0.9117678307785920967051654595575416138882893422201771027692183535473502286397737281628512645719921318715572471910164827685575723609573675244291780618508082378985180159417131742857496111597035252434657096838471345851144246879186246754742419987480557457172828257095234203181435619769716302249078120472308591217954007839702675997697164773614621983337941780920028894662541054325068002370704739905501853762378172e-2, 0.e-918)
(0.9187818995769131213036837954056991238067027940610229384341545436771888513840214328559619609653046669726386592559573020552797768579609080744581778636299958603102312217108767585794331244003075068447914437591061626754491411321939295954834706967441481492697629819348253609073488993518005875299588026953282192842715105391389441667225276882523644360671139099903899579185176541988656535926116557875615116077437493e-2, 0.e-883)
(0.9457751223125184166742045495145385202695240812973794165688703470716743158064613815547176101787650111288531489533320128905190407089254086350892253925182798193522709252102641381705830751921405082765741396837275018574185644639485705021582160579968783543220720278821241483562101696889541446284832810447806497589624162438796331875346562442380999128437845323183721983053822957114162563781762988761084010895937073e-2, 0.e-899)
(0.9818625753642135748673435441185823786269561930261636375163726640229721040607895258828669929191452237250260657544994087143575891698723912658796778996722812131050747953430410118462106786034977607744469627291729576634602664594914810298339737953927962513321257830331674761534228592108759077648017116289808207888694662277229451713909996705546506295455405729939534679188016340917296088808727250063628067733765936e-2, 0.e-1002)
(0.9845360177361514260088958789062017822389156031292530191874030084402800767997106231231868146977058832712451224948179139124025842151112553179640296793338984939327774307610665966896499082949505250373739033369041482638857721357373928446792331225776091739063316873120872841851367377576541971437108552776879540446234075624880465934811921273351790060325912143532937985239470201381077960400335344259703881579379647e-2, 0.e-870)
(0.1046078542579335575147404531598447392029195713906182576489162417062565286468823189679405537965685462209745351236280201952131858892636964173647329014167023999903088468913396316822750374914203173363508426422235647444408501188461111059567310367846074751938305443066355474732212927444443308605566883447784973406137933335662071230337603764035979074677481888822820324319165003554434633670934350803021393432631824e-1, 0.e-948)
(0.1075215774828383480658064859908844484712215751398037666738941494086937019170053174265792191465250652584123025620308980853714875514623150364266416881122972314652463159609077128624131271229193161464414329663820219060369474002738671566039028768788807498522742582327930622976251895821925809608274245467407675682329752875619689860161085845184013466125493765009859832839810338416364086942652496459786205383279189e-1, 0.e-894)
(0.122151982535427397621044175732620742528476790342347655257340342987526880557063902864777808579031362412807351013942346144164661650806278868120717322013039799868605817235153029798650166974560458873681734230557058290905246643825032804943416203732767595306798750580972712716602625241609309182861328207016972964844711979307285084792125710205493300654681940636099877497976725268267266885120840398026690913294095e-1, 0.e-903)
(0.1285339961949682988884433826560072163949193989568868187791147856569148032298647991369118249701564075081707950527011858341125289053960069187866562612451639818994663187082530420394614848285483757354001013817476954028035262634717863476614298269318628267166186397782381458499406773321571813562727630407823593822510833284637194798735127877064160474257903318675098309045798787381537808939158293570533301826486039e-1, 0.e-921)
(0.1514482855556452489391523867064360077626758990156458852316446029214735857448628986138656203801307671698667579766802631934702902322259911368725705027188723613434087397686225678370228508941629243270113314921472757660286215841206400658105871710987742420562674373646976146994995771875138744053554120538608874803671986303486409377573284839769187053627976325825572199797104738341196906665882176713700131402802436e-1, 0.e-906)
(0.1665182898603656278470430017065507917264386020563009184948187851543383292374819869689399944949656885170155562651396086957973430809659778012065101330928145423740675331866012048369514642081805614029182172123988258161226770552797023671091416316443133810574698071367969648986409030951398551065867702217581597918786061609992875701709244225769600944114667804819974972426668743037339060610970557511121023496107273e-1, 0.e-912)
(0.1767331104496620173768855563292892436958358919190690241359623541334233812919309986606753986497660216749457262217250282509331187166207277112824587349242343565820395785970870078182101294559925733714447346994391888255524423081718064712118528739101663644184967738307266110321562893923241909102802001296852785669001371105277588875809093492654698020348488643134577707822645181141594126843712181169423212087154894e-1, 0.e-950)
(0.1808713980346789245222864938128057329742322695785637314233254975343022648814958784973139261552527067965501149317904575334657248214223202554146120730041709318154803210154755966936470307381521588324332343132760978365557083043035406108336193631483647963462706470894921793961319992797054172325095826532376847590764469509638420302040806484216253151588172833741187237593495845878491442244461820527074386693036164e-1, 0.e-903)
(0.1955246992184414925033225291753780419971874116082386655772090218878393302075265406960104827084863747709239139127937034475526082542329591934224722294187525596111100224884129301098095978984416942789363587893114127714840308438559812241570420032054631452387811400983792502959207612384948645429049412125401123041940567919957288800640713783877300442342823174690391340154639345469907333015555494043795291578988434e-1, 0.e-949)
(0.2078175068717403640264344644877709861182452538010524050305972774374320050403433517136531111861112442123225413289540445581477242349014695116473510734966523039194695492374759916830777439717091229640804608866712106683206085756842009968841585192852664996131888544343268195538518696752025648303458046211916024159190235279584240076184191381221370756456525390294628564440167800236817752607976413192176091624828876e-1, 0.e-896)
(0.2175602825726191891021675825681408152322088891984032850875940573313206829860275673393177812378771034915292065301351298651477638035413232899978065777352959175295059431959683612907601742137764126327077834758464433198987589660946951507890983746632608110079213084770386903633498644916261409607036844251301024905074026122606874612342332050422591831454830703196154671060458763098329572314604955073433628179033885e-1, 0.e-900)
(0.2593497974752483984465876374789564755176743007443961439475848257682261748359570619591739038446637388719049066004348398605267699124552098170211347226086928306046445954108495132809965167923076958405269458485217531825339359643797865667433615124138078131017595911735892590535939470834866584285456203520914044502944786501465697879938144499705509758292580338958595144190140464669873182932002223834963997202156576e-1, 0.e-932)
(0.2687240283003079090064014870258266112818001448381744225225454327855279249306304418189590033020122231411089543958401483555169505302590801557307142441584326571645978559158294073236914624054541075303725462786381783992163084047289863689793740888174519440750308463496488064830652749891160386613506977008030002092118478091980275049518882821870593595964680262154510208771182776861237859633681144162855886172998641e-1, 0.e-483)
(0.2687240283003079090064014870258266112818001448381744225225454327855279249306304418189590033020122231411089543958401483555169505302590801557307142441584326571645978559158294073236914624054541075303725462786381783992163084047289863689793740888174519440750308463496488064830652749891160386613506977008030002092118478091980275049518882821870593595964680262154510208771182776861237859633681144162855886172998641e-1, 0.e-483)
(0.2740030986590109664276236728415287845406294427740710781014683501217632401619877241578704603978974068462787055814380857746136533452658487550289948790232744584002742968837868466971590839525972312870300703245570681174622585039322271800667841524709061619942700841824763299533827090422761057389409789113938319954120884911784566378538051799366557049047230679907799246751283964261289073703095897351684902088108846e-1, 0.e-893)
(0.3279699106590307294608418176927020467955324277366130643813973877691105765114886422299372350800667157810654904244222874459293743924224715514491437889248209905665611207015082737764920446786002244290579840102615849351334023614746304887733506437742042488935155216547337469251554022075183916123384144220241330780441048244164260973888916674128509890265323303420292323882653433471705300578284570681328169133873101e-1, 0.e-927)
(0.4119698550215960826537612362188220256308425628719665000686902003826577658492372918127729281304925370608565826852970569871634608076211050735951922569907115400050312942563326910222894670172583284806973322064308905770527407033033674766515818238400627841340260989028488760511853216354209247062141045065636048843637585394989146219808037020625028090250336121320349013907161946637917904678050593348036572070735274e-1, 0.e-901)
(0.6769513856458498918472096770619402028344036843846186582803720822277957593290352202012925007818493805324663063376636039049893176068015764631461830177281908482663184988534599014436448465847324352352547247503904379439291313883674698897384344506644605493296594944515218301461917254351038020271606776857395624210958841067269075459962644717307679930698715426947689551772258335309736408281743585571553096060162093e-1, 0.e-490)
(0.6769513856458498918472096770619402028344036843846186582803720822277957593290352202012925007818493805324663063376636039049893176068015764631461830177281908482663184988534599014436448465847324352352547247503904379439291313883674698897384344506644605493296594944515218301461917254351038020271606776857395624210958841067269075459962644717307679930698715426947689551772258335309736408281743585571553096060162093e-1, 0.e-490)
(0.138616381356778559296309369515185190906692700177060460405965688168955802438242033035523109297602874056800534666672723893783688980233737378653293911766907132675437950545568043325539389993801843472160281769387242915461934398632131203651042073871486844356960525849321743405697096778340347510688393696937579990042579896257697727273038893194704478006867760745928884481059123577969838436370712116562514536759112e0, 0.e-935)
