(0, 0)
(0, 0)
(0, 0)
(0, 0)
(0, 0)
(0, 0)
(0, 0)
(0, 0)
(0, 0)
(0, 0)
(0, 0)
(0, 0)
(0, 0)
(0, 0)
(0, 0)
(0, 0)
(0, 0)
(0, 0)
(0, 0)
(0, 0)
(0, 0)
(0, 0)
(0, 0)
(0, 0)
(0, 0)
(0, 0)
(0, 0)
(0, 0)
(0, 0)
(0, 0)
(0, 0)
(0, 0)
(0, 0)
(0, 0)
(0, 0)
(0, 0)
(0, 0)
(0, 0)
(0, 0)
(0, 0)
(0, 0)
(0, 0)
(0, 0)
(0, 0)
(0, 0)
(0, 0)
(0, 0)
(0, 0)
(0, 0)
(0, 0)
(0, 0)
(0, 0)
(0, 0)
(0, 0)
(0, 0)
(0, 0)
(0, 0)
(0, 0)
(0, 0)
(0, 0)
(0, 0)
(0, 0)
(0, 0)
(0, 0)
(0, 0)
(0, 0)
(0, 0)
(0, 0)
(0, 0)
(0, 0)
(0, 0)
(0, 0)
(0, 0)
(0, 0)
(0, 0)
(0, 0)
(0, 0)
(0, 0)
(0, 0)
(0, 0)
(0, 0)
(0, 0)
(0, 0)
(0, 0)
(0, 0)
(0, 0)
(0, 0)
(0, 0)
(0, 0)
(0, 0)
(0, 0)
(0, 0)
(0, 0)
(0, 0)
(0, 0)
(0, 0)
(0, 0)
(0, 0)
(0.1036326216806320579011234525766275671126903281249561417756058757304900005873769770505757886280160161582877306833004070202803197354843627058674711254284813713523544040817510583729022029755869504051017714934074569016133034375888048640380996017973181050419619404290983367937466661145910565424204389195437967528103170203679844422248859849604041172090804969937698410763506254627279593939243622892408357563583491e-4, 0.e-1107)
(0.4975634394451353263758409085801585279280102145193205538369005794013527826138207909558617752319795695276975429460965284140207201476064979985258267769762222793759101668114351634845838664503618828358340347536260916395326302327042355232428134006708144325676415009382900054998822343750629133304757797900276001537600671749223346331259986020726504697459157891884730814795132815421493386377415579753786796642228233e-4, 0.e-1093)
(0.8737626021205452510111145861775078466117011409056606599480662672810545777505302365414638183068866258255651482239640298602724008115940586194215353876721671127450883828926141137672277506828712155257597662053059010654117834146735953385683738415825141235891901343192959929353317737743792964404386486102307597910727433819762499687417776786363880066829501844154346620726516340355543309167285246149976400646612052e-4, 0.e-1162)
(0.3040534000147249620767697835055640692384334079225221621672957332750780986996993258238440567125509858331050965620909791611267147699772187189269886134732812060095318399365367250532755875873795185106396316241351196130342696760852422063999785441076388428687096905256692226012062619422385365815908087488993796988676639323412928485782775928354275204443762214162817174307232467836433531522605821456658224940872584e-3, 0.e-1021)
(0.4024170813439859996332359965480004543528930274565836404997188709672132565777051267306835363718706146288858846768922987747032161949339362642802874428646489523880249278076663324689617026336213465005088223452690504738973910879620228880947088500455976229961773025715495620462138910836059697089945318537668699591637753003468749682569019597969209924948094509395714055432329602960636409157514755384326183517189674e-3, 0.e-1043)
(0.5065902115217357619759640324796906821705051432987967319133244536600117405698924938639141730776542183954560771487640577552367267879126856431639881085882838845557562364081205338756721407880112883516161516271083565817604635259088091621414731528220829950364102218496542500035285528959790815777803628528764795402369017288088920966693304231423692411978390777852479659982177530149470730740206331602877850182077976e-3, 0.e-988)
(0.166506908133632705054132873865339004088431112689597616654521797901063441824437154624629021781154809651236471488926456624665264156757123964565414986589559159784728627036076642333435021614530037852180540771441082847760320124532560510196384004237385370141440770742623411540412995508588864288765636908036717438701002955482353106646084664888463550019774985002677800302721344112718593329306421253275333057816487e-2, 0.e-1014)
(0.2169220123950478291594206173309165305595940918270390388278659054955269669865428410588934952001219653172933978122079750261612721393627965126946281431859211136763046732983546942710660342598478785304738798740862719270369254172069836560935992419529441467970735479919914169480456292528759491428390824596877455796153958361572989481410988618926986122104169881821998181571365304654971908431878897999887866431538233e-2, 0.e-1080)
(0.2804201619151537595066188622542566221030435053443486808308337403580407505360048690456242037475834109599779137228508029429859458705746250622194009092587346084136879496617918611433534344756583866944396468319016579017742833329259390865248696687029856104972742077639006427495033371935586563894895562157971776493106120124377216801011590145860010850344727691977276386285322638542321279249642803171572901933521099e-2, 0.e-968)
(0.2958697454341662197829840565493285631838495912903640829066197925074945483917116631614993769050244869410330186927233370954355030135386274668697573550767263806174892915644852768638056038998585652262581909148450944999049370787200207843153962605137903562275654401257051864488053474804146413007057139115478720421093282352794621346899133824341341439275859921355873236095048967633670242133107950873646192163728018e-2, 0.e-973)
(0.4559235030381702511543881016167626625357255797647435347033883649787508344783056375906330433779266252647333380108022909954934045994838927081309939777514750982862877841903121562827900180213350461986286172312799059599819271592552831761264158202687410901685880231222858291745853611871057255176999583026215255930385505533208810600841647766744140467138794349474528392313884152071344514801081222988041345226506204e-2, 0.e-1002)
(0.5283758681548301879528706287842826951828462740411692196155731057912503169377923867988174765169741270791318314994462183300604121116683481118551480089850344901590330510261227914165770669377732386026078091277734155453360285334612751545115711726911934408935934432109861376721654706865910514162337237816056691886376117801935845011225523724247522762535631383188195744674551732112407870801981006156299684178303888e-2, 0.e-952)
(0.568168268319632559891334726807934303153088068737836405329538664672215750519757683821483772837976464978273089435963423686040866618135180924031789369521069438240798384806412274444435777161413815154050018442306368402145688690591400455112173852955436920392275214454653226372082914083404910836734495912727139390509886210175164090381417237470999833713324795870968645302300080415759994526006415560959130009178339e-2, 0.e-963)
(0.6024809598128766621909266305954984971177389532031270178357403719530800289089989377656122410910293400170032798448749464339284059080210360873413879646064042088380340336913795915095659476357049278214854850161648378559405026468397824109432666968437752614674947840413469020291317224809426252216062614282773675967518640236315466714634446999592401690221834560334497238216162256406641644391495538179288454003519963e-2, 0.e-890)
(0.7005750879896126426041507272152886004614490001035476595967343405675122074564322569073275687908876276971147366837478502578820906096461450132211848313210678546250076653692728146120723243484953938569273620982322981377039329103889853032816463157920593636794380516446213515286283495483384776746534538688443857734887835540654678439378050902009634996872552696010467581860791550235089525545322371083528340687957e-2, 0.e-964)
(0.7669046267240848904135569405093437834315174420358723985656633588713616445055107261203090018230882332875110016762197168542458929274258167821347118029660595082355869828303112603766740398981296635509640454621590996310926404423756104145281754674600285394116136332749037820346863820607382230222183855875936586392648467654675139862055006439962843502999352128335052806327191434595909902976867783118253967981465453e-2, 0.e-885)
(0.7915016384730323822906927081024050016367701602800839677435480092484837026252220919252442691474234641006451289630026939899287115830465065395332915762551417347092671095772461458591394518228257397602018253090642131283554672902641556791514826906074402931326379756431526944790518360390371175954791674329606179560742929898724650596309215328991983298518553314827047635558269811256883375429000070010022297661584402e-2, 0.e-854)
(0.1028421912417540336860249313899269644807126947103782038859462603802597615193445580316322126989810171428693274893829519564831030154279546171008918073618644714342598133191864926778960108445853108866812274701234332662570246139684354909616402662276260794651675277673613841883079954982138867814780431050224843552822376412096893061740761586450822385608620800946279791425945589725453295067030576550606794614112963e-1, 0.e-857)
(0.1242834145078870696402739346375299836294611563716754738555223809111852658537159079822448034883634976916382639468080400792422395780877825370918954037628310681366664001479283464517122672418249727297602374557751129397048185645415905665212256607910009234818390224805954578292457675581345207558237742327584185997626061828177582473685097721559868074897440218281817709725383120496260523858506306394844979574260503e-1, 0.e-1324)
(0.1274303557664220906143642901807735078250311818566633081436473147630591040241206702164210137100910214442155713847805242757497270857336295411018977096118497424253168575626716962478201009041612399690803506397427115745890888820750658146840672569967704055182035130297913933266343223412646531406825432519815607069266332205259980707135961258344893795814333095273598525661659002504406972956817870915531460291761872e-1, 0.e-1213)
(0.1338887553438591926290330265834100173685090868770462585789875141428491356700057562914426554167031112817061823010974383073947415126766851449258126066328230264180455177161236144661383740198047556763563607495728517372414730370685804553149659596195094164507203129018204945807080194150396173463695053723611000261057289621381497747246101325533651125268891131580167917099605038532859268492581075218069029735821811e-1, 0.e-1318)
(0.1475606307316154962172439454052149096898813460782514813040005165742098912129542062518788646708800841860562066091455957838974088109180989449945240777593265540761899357958762177765511315824336021805194271155859129877886948672090604047990357067648223598444144712387150427382866576876697284733003993586528504172480866167604346558791795921186170533094104814537153065342936480848828603826094477990128124898093047e-1, 0.e-1356)
(0.1717558707961984471226395982783578199915517574224302242550536702171658398886293663762321241827982138659285536847708485177944854871994737773695097978764119046404144285631705476288260077583946950198586813811165181367677150184023160719210010254730817676551623056472014698734342633397668050664991786200418404073672367896455470561900768841884773345476261472036590969914668717684660319788669284682312199455243957e-1, 0.e-1360)
(0.185332321572150087930585370254260747681413629575718911829157389661608286956373373029040990190303629739864612184199685123484856972271779837615796312182340852146599269648035750923756522926103350798123865728791195456569684824718902481896300282583698334671772107474211392484327717891509009343935236115125545475374655764573944328213024582273071996852932165059675242316371054257318951855085719181692366191418557e-1, 0.e-908)
(0.1860952800735601924322497400899046777106741834719352427399209623517308134455457838165926987434801070551231447781908584099550246444907248821944473863283187903406933437221108715009100587404965064991403315976694447178623904102665894234472598887404482130904581839662986466889177493469290680047781431252900087597656841958074908881432698714942589903576520598043008484936230218568176028971334555911062934967393369e-1, 0.e-902)
(0.1898978895565525238705251056347840338538735053720345901343940162784597258891308979846872800019500025423394120910095023071292323374397444401551103137843224716437855198311174907434105507581004534925910708081894270335378843777954417523761230637861012931877311081465893183772641595543045666669649748185631638833474420833681434795805433413875167436419327909693658254734653520405703554338058423921594517835489561e-1, 0.e-823)
(0.2116612255313143298439308649471454626563971315697129549291695121261941934371862543639560222366424668312377173739210869107329562076538205492332623462851113618239006013970279786642679107915314420662389039668349871155903726435302645893072026829269773738714015082468690824336431867742003435165842720726860999253306039562165531051526860657037418280906783289390606214644173004052690771541666244720091948517941653e-1, 0.e-1321)
(0.2579978803689855230390928051216244447835638272234590745592165926929808317372468341556209969583082041891392881643551331803175530098439695110134144803861643237814080857832706772493864354572341683746295737579680584054486682560695213008738104008333872836566106879708674637135520263446676025378051299842420315049874226368816443986071809919587362638755579802501035901359497173656737019875042627035398826679747031e-1, 0.e-1222)
(0.2753339984930625821092669863165631409263349259063259961880179782898663257504495611570997127330576735624368842576998310756282541635655384283814571293964875436295311049329056752495982412927580999126012166946135482061693784872825153282464594154082643636089907706551677863872018076863914702869010432802550277785095413357994294911993349787036389792248344866261050195639079362915061889517906494883973889809099586e-1, 0.e-1337)
(0.2790060677670345689598914239105281158724760663373488431212580570590030386485097587517559335656473082313748934543548819121493777851166024408530347618650930895766712062775732219549403502845961987000229816851450752130285007387749525498640809961977140378504827877732240747456914513174425978228955702404839778872334129618065058288773764306095003260762685043199082999904555384270184811842642057235531768015890841e-1, 0.e-1258)
(0.3210606694072154345256920313182414650988223451094440214554643106895391264502712392702957249295722011292465798206866402464518364481565641530588949541255155596155240570237539265376997525624296794406453500085023334835319582406684096247244152269437141966573014017975778912143449674834172436309183002952401527297092116051070091428633767023259186893163635733424498448614519839140123094893620907926843559402182929e-1, 0.e-1537)
(0.3599177339126514103010704710015472079470261776645985487163120334087484585549003527620904497781313432257224865088927966733684994669770182651546722882646771760440548844273253629875796863039840592185407559679518187960748774685039452595343466138105460144881776435617673382327147864759812420886850780017974946018511792946720891281887488111423914470046062296323106799102204525286841655908539921123689134356529103e-1, 0.e-822)
(0.3716762520270463204329314559765667359933141466977906511182459976552631027964117423255277232439426742012148723344139606107859415056334918341899122085118475817755433821284225029968628444887415890207488443033071741755895730247983958980216126247642714789485825746820429245184914877070524188541935366144033282826928414023780111263674939214843576094223333750079952078172715240884608023467270649103310927712193326e-1, 0.e-1464)
(0.5219372473853874698172250369252732088127376191590499073194963096204220639622012274396429644057030484109175092082214877300820554061436649336430755460502215931395013068247274513357224548086911440708340246041846517368652350441677600725946299179459479097978737902574409330428638160772314403332784118546854108694893551206835267439258398855413298827167454720466463267602979506726117203378275827706467932423447172e-1, 0.e-947)
(0.5645008711767678230989704967480398787075669308371264889005662158264824146650075929938383298635430617263692763648469033689446877778268391023554568048724959470648703223214261484938888176846755900112253602792395676052412600077033795051861568018793855531187492340228011262344746159930349231218398527612088761780802294623810649936715183746162020373006709057735411100878792956499090642756344806026538626753590895e-1, 0.e-966)
(0.6063227822493351398890625533607705252775376113682806947564384505775390907883465012690500069332808808126955784899088065015496683989141601473161774547463177515591633576678850112278289655849123144464746361299804417200465883923564078567109906867180452003968081686366661240490142855094953973768059736184924042348557340724909396058152143123351997254263379839474558684141884548480977422613439894592459420183947446e-1, 0.e-945)
(0.6822400300795565814555551492332070955878182745549192923756438612333682211855633088962800542058961980873840748610661163106747845873753939401285743602828256885546222412893645712162794530880849455773111191715986849768082392232795849975726256344356269425372279049075311275451973692189174164807735717106482325581356459975385249733843050618804938708911268884512051093727996071683025545419826052387490423612739991e-1, 0.e-940)
(0.8945116682184690809493772596300810180666125735830219433679661395591164423150627875406102820197264840239955128677987337701370814103428997531439895954634867657958244420494282627344050207985088478679625082262368812638278903544621650405275328253277213603375808029285605205095415899267299429878643621108696649116032867189875950072304976767730271762153546130143844222832717098408065980596348540644986724239195979e-1, 0.e-1001)
(0.1273645324605188530314452981780468860911736256959406145184314902782434260771154304250188739163928319454640751157926039706435642529483128170326041050811444495997477475470797582543828353668786767194685255039290201278278842154571086747491159183256116742298205862455904383554412402631738232300849789808566695708351836740341361148337044421330678341692871899252249208442609454564267956849370930041573715136703383e0, 0.e-948)
(0.1460131095556911282248285076839977704782271475891279818318892904662600656841371692493130750693362755234401958877714731695722824886732101805804853236147163869628307407799385011229795408271404055938751833482237078873183097045144901726052648867052840868515427034524222150952281171935225979695133774163778413064558843209068006422972951915177786556069334658965059271630921575031498594661037909809088260140503648e0, 0.e-944)
